20140103111557028	-10.054144	454.526388	16.670709	-10.074037	453.759424	49.924764	0	0	320	240	0	0	320	240	-0.128580	3.214500	-3.831684	1.452954	0	0
20140103111557132	-9.961119	450.321163	16.491234	-10.047290	451.421150	49.808609	0	0	320	240	0	0	320	240	-0.128580	3.214500	-3.844542	1.446525	0	0
20140103111557324	-9.919880	446.192118	16.264934	-9.977179	446.789654	49.543357	0	0	320	240	0	0	320	240	-0.135009	3.201642	-3.863829	1.440096	0	0
20140103111557408	-9.874632	444.156870	16.140849	-9.932640	444.499806	49.420791	0	0	320	240	0	0	320	240	-0.135009	3.195213	-3.870258	1.433667	0	0
20140103111557492	-9.829763	442.138869	16.042690	-9.905620	443.359425	49.362083	0	0	320	240	0	0	320	240	-0.135009	3.195213	-3.876687	1.427238	0	0
20140103111557576	-9.829794	442.140084	16.017890	-9.839830	441.080722	49.215027	0	0	320	240	0	0	320	240	-0.135009	3.188784	-3.876687	1.427238	0	0
20140103111557660	-9.785331	440.140313	15.871246	-9.804139	439.942115	49.134310	0	0	320	240	0	0	320	240	-0.135009	3.182355	-3.883116	1.414380	0	0
20140103111557740	-9.692214	438.164315	15.726091	-9.713094	437.678409	48.987167	0	0	320	240	0	0	320	240	-0.128580	3.169497	-3.883116	1.407951	0	0
20140103111557824	-9.599901	436.204812	15.606702	-9.602890	435.425018	48.856412	0	0	320	240	0	0	320	240	-0.122151	3.163068	-3.883116	1.401522	0	0
20140103111557924	-9.508410	434.262766	15.488377	-9.470096	433.179334	48.693322	0	0	320	240	0	0	320	240	-0.115722	3.156639	-3.883116	1.395093	0	0
20140103111558004	-9.369268	432.341285	15.371162	-9.396207	432.060707	48.619837	0	0	320	240	0	0	320	240	-0.102864	3.150210	-3.876687	1.388664	0	0
20140103111558092	-9.231354	430.436751	15.206590	-9.241118	429.832919	48.455190	0	0	320	240	0	0	320	240	-0.090006	3.137352	-3.870258	1.375806	0	0
20140103111558176	-9.006945	426.673255	15.001578	-9.074690	427.609125	48.296497	0	0	320	240	0	0	320	240	-0.070719	3.130923	-3.863829	1.362948	0	0
20140103111558256	-8.959143	426.677628	14.977702	-8.985908	426.507519	48.227416	0	0	320	240	0	0	320	240	-0.064290	3.124494	-3.857400	1.362948	0	0
20140103111558344	-8.777192	424.825812	14.817052	-8.808747	424.302214	48.068675	0	0	320	240	0	0	320	240	-0.045003	3.111636	-3.844542	1.350090	0	0
20140103111558424	-8.559608	421.159455	14.618061	-8.626743	422.107848	47.923639	0	0	320	240	0	0	320	240	-0.025716	3.105207	-3.838113	1.337232	0	0
20140103111558524	-8.381743	419.356273	14.484648	-8.447556	419.926496	47.771871	0	0	320	240	0	0	320	240	-0.006429	3.092349	-3.825255	1.330803	0	0
20140103111558608	-8.370779	421.173102	14.499966	-8.267807	417.755633	47.635446	0	0	320	240	0	0	320	240	0.000000	3.085920	-3.812397	1.324374	0	0
20140103111558708	-8.205370	417.567364	14.328859	-8.090691	415.589254	47.498339	0	0	320	240	0	0	320	240	0.012858	3.079491	-3.812397	1.317945	0	0
20140103111558792	-8.158532	417.569289	14.305393	-8.090691	415.589254	47.498339	0	0	320	240	0	0	320	240	0.019287	3.079491	-3.805968	1.311516	0	0
20140103111558876	-7.857107	414.034933	14.067786	-7.818632	412.368286	47.289127	0	0	320	240	0	0	320	240	0.051432	3.060204	-3.786681	1.298658	0	0
20140103111558976	-7.685152	412.289887	13.938854	-7.634164	410.222921	47.141858	0	0	320	240	0	0	320	240	0.070719	3.053775	-3.773823	1.285800	0	0
20140103111559060	-7.560697	410.557690	13.834080	-7.541421	409.157755	47.060341	0	0	320	240	0	0	320	240	0.083577	3.047346	-3.767394	1.279371	0	0
20140103111559176	-7.345608	408.845756	13.638374	-7.261369	405.968799	46.810516	0	0	320	240	0	0	320	240	0.109293	3.028059	-3.748107	1.260084	0	0
20140103111559276	-7.102616	405.453056	13.433936	-7.078471	403.853007	46.643616	0	0	320	240	0	0	320	240	0.135009	3.015201	-3.735249	1.247226	0	0
20140103111559372	-6.937380	403.781680	13.265006	-6.890470	401.740131	46.453517	0	0	320	240	0	0	320	240	0.154296	2.995914	-3.722391	1.234368	0	0
20140103111559464	-6.818540	402.118988	13.142525	-6.799490	400.688169	46.362389	0	0	320	240	0	0	320	240	0.167154	2.989485	-3.715962	1.221510	0	0
20140103111559548	-6.655822	400.474952	12.976179	-6.611647	398.588218	46.176587	0	0	320	240	0	0	320	240	0.186441	2.970198	-3.703104	1.208652	0	0
20140103111559628	-6.494382	398.841999	12.811099	-6.426672	396.496295	46.002340	0	0	320	240	0	0	320	240	0.205728	2.957340	-3.690246	1.189365	0	0
20140103111559708	-6.378843	397.221950	12.692056	-6.339398	395.446543	45.902323	0	0	320	240	0	0	320	240	0.218586	2.944482	-3.683817	1.182936	0	0
20140103111559788	-6.219855	395.616503	12.551744	-6.161038	393.362181	45.724183	0	0	320	240	0	0	320	240	0.237873	2.931624	-3.670959	1.170078	0	0
20140103111559868	-6.106331	394.021373	12.412523	-6.075516	392.317803	45.623554	0	0	320	240	0	0	320	240	0.250731	2.918766	-3.664530	1.157220	0	0
20140103111559948	-5.949689	392.440461	12.252368	-5.897836	390.241089	45.447809	0	0	320	240	0	0	320	240	0.270018	2.905908	-3.651672	1.137933	0	0
20140103111600032	-5.771166	389.311119	12.023363	-5.735339	388.167461	45.255642	0	0	320	240	0	0	320	240	0.289305	2.886621	-3.645243	1.118646	0	0
20140103111600116	-5.617768	387.770002	11.866754	-5.569532	386.096910	45.079570	0	0	320	240	0	0	320	240	0.308592	2.867334	-3.632385	1.105788	0	0
20140103111600224	-5.465557	386.239884	11.689642	-5.408815	384.035669	44.901314	0	0	320	240	0	0	320	240	0.327879	2.848047	-3.619527	1.086501	0	0
20140103111600308	-5.357687	384.719348	11.600347	-5.250430	381.974833	44.706363	0	0	320	240	0	0	320	240	0.340737	2.841618	-3.613098	1.080072	0	0
20140103111600388	-5.187283	381.711538	11.380928	-5.170248	380.946293	44.612879	0	0	320	240	0	0	320	240	0.360024	2.822331	-3.606669	1.060785	0	0
20140103111600476	-5.039117	380.228765	11.208471	-5.011746	378.893712	44.432341	0	0	320	240	0	0	320	240	0.379311	2.803044	-3.593811	1.041498	0	0
20140103111600556	-4.934574	378.755116	11.122432	-4.931737	377.869676	44.354595	0	0	320	240	0	0	320	240	0.392169	2.796615	-3.587382	1.035069	0	0
20140103111600636	-4.788527	377.295161	10.952309	-4.774472	375.819099	44.182519	0	0	320	240	0	0	320	240	0.411456	2.777328	-3.574524	1.015782	0	0
20140103111600740	-4.625755	374.401938	10.784144	-4.619645	373.777967	44.038320	0	0	320	240	0	0	320	240	0.430743	2.764470	-3.568095	1.002924	0	0
20140103111600824	-4.482559	372.975277	10.659170	-4.458195	371.729049	43.880281	0	0	320	240	0	0	320	240	0.450030	2.751612	-3.555237	0.990066	0	0
20140103111600924	-4.340450	371.559430	10.493403	-4.312822	369.692691	43.707439	0	0	320	240	0	0	320	240	0.469317	2.732325	-3.542379	0.970779	0	0
20140103111601008	-4.282446	370.149907	10.412004	-4.239480	368.677566	43.632437	0	0	320	240	0	0	320	240	0.475746	2.725896	-3.542379	0.964350	0	0
20140103111601092	-4.142165	368.755382	10.248425	-4.019285	365.636562	43.380608	0	0	320	240	0	0	320	240	0.495033	2.706609	-3.529521	0.945063	0	0
20140103111601172	-4.044141	367.369169	10.168592	-3.944710	364.625771	43.307791	0	0	320	240	0	0	320	240	0.507891	2.700180	-3.523092	0.938634	0	0
20140103111601252	-3.891184	364.625683	9.969724	-3.873737	363.613221	43.218895	0	0	320	240	0	0	320	240	0.527178	2.680893	-3.516663	0.919347	0	0
20140103111601332	-3.754423	363.271239	9.830596	-3.723310	361.598649	43.048953	0	0	320	240	0	0	320	240	0.546465	2.668035	-3.503805	0.900060	0	0
20140103111601416	-3.618714	361.929053	9.733234	-3.567193	359.601876	42.924904	0	0	320	240	0	0	320	240	0.565752	2.655177	-3.490947	0.893631	0	0
20140103111601524	-3.430823	359.266824	9.560672	-3.403537	357.603645	42.778341	0	0	320	240	0	0	320	240	0.591468	2.642319	-3.478089	0.874344	0	0
20140103111601608	-3.245715	356.645689	9.430770	-3.232637	355.624285	42.677975	0	0	320	240	0	0	320	240	0.617184	2.629461	-3.465231	0.867915	0	0
20140103111601700	-3.165687	356.648464	9.370690	-3.057253	353.646308	42.542534	0	0	320	240	0	0	320	240	0.630042	2.623032	-3.452373	0.855057	0	0
20140103111601780	-2.983841	354.065244	9.243108	-2.960857	352.667065	42.483409	0	0	320	240	0	0	320	240	0.655758	2.610174	-3.439515	0.848628	0	0
20140103111601860	-2.893893	352.787062	9.209711	-2.863072	351.686835	42.441646	0	0	320	240	0	0	320	240	0.668616	2.610174	-3.433086	0.848628	0	0
20140103111601956	-2.676643	350.260017	9.104317	-2.591266	348.760402	42.284937	0	0	320	240	0	0	320	240	0.700761	2.603745	-3.413799	0.842199	0	0
20140103111602056	-2.510456	349.012705	9.032618	-2.393078	346.828638	42.204364	0	0	320	240	0	0	320	240	0.726477	2.597316	-3.394512	0.835770	0	0
20140103111602156	-2.298217	346.538069	8.910104	-2.209163	344.896372	42.118224	0	0	320	240	0	0	320	240	0.758622	2.590887	-3.375225	0.822912	0	0
20140103111602256	-2.135140	345.318033	8.859279	-2.017706	342.986504	42.037887	0	0	320	240	0	0	320	240	0.784338	2.584458	-3.355938	0.822912	0	0
20140103111602392	-1.850847	342.899592	8.720090	-1.820193	341.073571	41.949756	0	0	320	240	0	0	320	240	0.829341	2.571600	-3.323793	0.810054	0	0
20140103111602492	-1.646913	340.511428	8.659292	-1.630927	339.179293	41.892868	0	0	320	240	0	0	320	240	0.861486	2.571600	-3.304506	0.810054	0	0
20140103111602592	-1.445800	338.156245	8.561354	-1.442615	337.285926	41.793654	0	0	320	240	0	0	320	240	0.893631	2.565171	-3.285219	0.803625	0	0
20140103111602692	-1.289572	336.993096	8.493995	-1.260818	335.415162	41.700362	0	0	320	240	0	0	320	240	0.919347	2.558742	-3.265932	0.797196	0	0
20140103111602772	-1.092971	334.686044	8.360606	-1.077442	333.543528	41.607409	0	0	320	240	0	0	320	240	0.951492	2.545884	-3.246645	0.784338	0	0
20140103111602856	-1.017870	334.688977	8.360642	-0.905906	331.677157	41.499576	0	0	320	240	0	0	320	240	0.964350	2.545884	-3.233787	0.784338	0	0
20140103111602956	-0.821650	331.283270	8.201113	-0.733970	329.828087	41.405625	0	0	320	240	0	0	320	240	0.996495	2.533026	-3.220929	0.771480	0	0
20140103111603056	-0.670691	330.166624	8.136335	-0.570920	327.976535	41.264225	0	0	320	240	0	0	320	240	1.022211	2.526597	-3.201642	0.765051	0	0
20140103111603140	-0.520747	329.057410	7.998082	-0.493153	327.053686	41.212680	0	0	320	240	0	0	320	240	1.047927	2.507310	-3.182355	0.745764	0	0
20140103111603248	-0.446894	329.059035	7.942650	-0.356681	325.224123	41.100934	0	0	320	240	0	0	320	240	1.060785	2.500881	-3.169497	0.732906	0	0
20140103111603340	-0.258801	324.682123	7.745832	-0.236351	323.389908	40.966703	0	0	320	240	0	0	320	240	1.092930	2.481594	-3.163068	0.720048	0	0
20140103111603424	-0.185322	323.606730	7.647476	-0.186952	322.480338	40.895134	0	0	320	240	0	0	320	240	1.105788	2.468736	-3.156639	0.707190	0	0
20140103111603504	-0.111958	321.474656	7.524886	-0.096391	320.668219	40.769968	0	0	320	240	0	0	320	240	1.118646	2.455878	-3.156639	0.694332	0	0
20140103111603584	-0.039684	320.420364	7.392243	-0.028706	318.860894	40.618253	0	0	320	240	0	0	320	240	1.131504	2.436591	-3.150210	0.675045	0	0
20140103111603668	-0.003706	318.328709	7.236757	0.015869	317.061909	40.482963	0	0	320	240	0	0	320	240	1.137933	2.417304	-3.156639	0.655758	0	0
20140103111603748	0.031909	317.293698	7.177596	0.038008	316.156851	40.424475	0	0	320	240	0	0	320	240	1.144362	2.410875	-3.156639	0.649329	0	0
20140103111603828	0.031805	316.264178	7.083290	0.056316	314.369213	40.289372	0	0	320	240	0	0	320	240	1.144362	2.398017	-3.163068	0.636471	0	0
20140103111603912	0.066868	314.225295	6.984704	0.062053	313.471329	40.228313	0	0	320	240	0	0	320	240	1.150791	2.391588	-3.169497	0.623613	0	0
20140103111603992	0.066430	312.213188	6.852360	0.058970	311.685022	40.106246	0	0	320	240	0	0	320	240	1.150791	2.372301	-3.182355	0.610755	0	0
20140103111604092	0.031297	311.215072	6.760584	0.036525	309.907521	39.989403	0	0	320	240	0	0	320	240	1.144362	2.359443	-3.195213	0.597897	0	0
20140103111604172	-0.003600	309.239003	6.648246	0.004317	308.136563	39.875182	0	0	320	240	0	0	320	240	1.137933	2.346585	-3.214500	0.585039	0	0
20140103111604256	-0.072528	307.285681	6.520033	-0.052131	306.369443	39.757998	0	0	320	240	0	0	320	240	1.125075	2.333727	-3.240216	0.565752	0	0
20140103111604340	-0.106680	306.319508	6.447968	-0.093025	305.490172	39.674094	0	0	320	240	0	0	320	240	1.118646	2.320869	-3.253074	0.559323	0	0
20140103111604420	-0.174325	304.403458	6.339323	-0.174514	303.737691	39.570718	0	0	320	240	0	0	320	240	1.105788	2.308011	-3.278790	0.546465	0	0
20140103111604500	-0.242636	304.400906	6.305114	-0.216935	302.859207	39.531083	0	0	320	240	0	0	320	240	1.092930	2.301582	-3.291648	0.540036	0	0
20140103111604636	-0.342957	302.507223	6.164047	-0.327589	301.111793	39.404400	0	0	320	240	0	0	320	240	1.073643	2.282295	-3.323793	0.520749	0	0
20140103111604732	-0.440678	299.712107	6.039859	-0.446581	299.372836	39.299143	0	0	320	240	0	0	320	240	1.054356	2.269437	-3.362367	0.507891	0	0
20140103111604816	-0.606947	298.786382	5.954181	-0.589995	297.638644	39.188963	0	0	320	240	0	0	320	240	1.022211	2.256579	-3.400941	0.495033	0	0
20140103111604896	-0.769839	296.958266	5.851151	-0.747768	295.908736	39.084634	0	0	320	240	0	0	320	240	0.990066	2.243721	-3.445944	0.482175	0	0
20140103111604992	-0.930749	295.152009	5.749368	-0.914068	294.183366	38.979959	0	0	320	240	0	0	320	240	0.957921	2.230863	-3.490947	0.469317	0	0
20140103111605072	-1.089712	293.367218	5.648810	-1.091512	292.467835	38.880813	0	0	320	240	0	0	320	240	0.925776	2.218005	-3.535950	0.456459	0	0
20140103111605172	-1.312191	291.600474	5.549426	-1.286344	290.756219	38.779099	0	0	320	240	0	0	320	240	0.880773	2.205147	-3.593811	0.443601	0	0
20140103111605276	-1.499488	289.855835	5.418686	-1.494987	289.050954	38.671946	0	0	320	240	0	0	320	240	0.842199	2.185860	-3.645243	0.424314	0	0
20140103111605372	-1.716878	288.129847	5.321835	-1.710561	287.348906	38.565629	0	0	320	240	0	0	320	240	0.797196	2.173002	-3.703104	0.411456	0	0
20140103111605476	-1.931692	286.423675	5.226121	-1.934021	285.658592	38.456627	0	0	320	240	0	0	320	240	0.752193	2.160144	-3.760965	0.398598	0	0
20140103111605556	-2.054164	285.577067	5.178677	-2.048611	284.809943	38.419497	0	0	320	240	0	0	320	240	0.726477	2.153715	-3.793110	0.392169	0	0
20140103111605656	-2.296946	283.898206	5.052733	-2.400935	282.280617	38.232263	0	0	320	240	0	0	320	240	0.675045	2.134428	-3.857400	0.372882	0	0
20140103111605756	-2.536877	282.237643	4.944078	-2.642658	280.596905	38.115148	0	0	320	240	0	0	320	240	0.623613	2.121570	-3.921690	0.353595	0	0
20140103111605856	-2.774035	280.596744	4.836712	-2.882154	278.924362	38.030225	0	0	320	240	0	0	320	240	0.572181	2.102283	-3.985980	0.340737	0	0
20140103111605940	-2.999829	278.175759	4.717033	-3.004551	278.082885	37.973599	0	0	320	240	0	0	320	240	0.520749	2.089425	-4.056699	0.321450	0	0
20140103111606020	-3.155817	278.166680	4.670106	-3.128545	277.247799	37.900125	0	0	320	240	0	0	320	240	0.488604	2.076567	-4.088844	0.315021	0	0
20140103111606104	-3.385993	276.569634	4.565783	-3.372475	275.572523	37.804934	0	0	320	240	0	0	320	240	0.437172	2.063709	-4.153134	0.295734	0	0
20140103111606184	-3.644382	274.988514	4.447196	-3.608551	273.905201	37.685408	0	0	320	240	0	0	320	240	0.379311	2.044422	-4.223853	0.276447	0	0
20140103111606292	-3.869171	273.426546	4.329958	-3.836797	272.242707	37.568391	0	0	320	240	0	0	320	240	0.327879	2.025135	-4.288143	0.257160	0	0
20140103111606372	-4.091427	271.881905	4.229319	-4.056302	270.576384	37.454790	0	0	320	240	0	0	320	240	0.276447	2.005848	-4.352433	0.244302	0	0
20140103111606456	-4.201608	271.115591	4.156571	-4.157772	269.739398	37.380382	0	0	320	240	0	0	320	240	0.250731	1.992990	-4.384578	0.231444	0	0
20140103111606556	-4.377757	268.852338	3.971026	-4.446580	267.258458	37.159335	0	0	320	240	0	0	320	240	0.205728	1.960845	-4.448868	0.199299	0	0
20140103111606640	-4.563491	267.358693	3.828972	-4.544347	266.431937	37.073346	0	0	320	240	0	0	320	240	0.160725	1.935129	-4.506729	0.173583	0	0
20140103111606720	-4.627954	265.890043	3.748275	-4.701868	264.777211	36.922449	0	0	320	240	0	0	320	240	0.141438	1.922271	-4.538874	0.160725	0	0
20140103111606804	-4.823385	265.149065	3.589024	-4.787415	263.956843	36.835562	0	0	320	240	0	0	320	240	0.096435	1.890126	-4.590306	0.128580	0	0
20140103111606884	-4.931621	262.985690	3.485984	-4.918879	262.303779	36.730650	0	0	320	240	0	0	320	240	0.064290	1.877268	-4.641738	0.109293	0	0
20140103111606968	-5.006516	262.269688	3.402905	-4.987510	261.476669	36.651072	0	0	320	240	0	0	320	240	0.045003	1.857981	-4.667454	0.096435	0	0
20140103111607072	-5.112109	260.152472	3.258641	-5.156736	258.996053	36.460418	0	0	320	240	0	0	320	240	0.012858	1.832265	-4.718886	0.070719	0	0
20140103111607164	-5.231037	257.382904	3.050588	-5.251483	257.347420	36.298621	0	0	320	240	0	0	320	240	-0.025716	1.793691	-4.783176	0.032145	0	0
20140103111607244	-5.274742	256.697962	2.970399	-5.293689	256.526232	36.222931	0	0	320	240	0	0	320	240	-0.038574	1.780833	-4.802463	0.012858	0	0
20140103111607324	-5.347312	254.667772	2.803962	-5.377587	254.884289	36.056586	0	0	320	240	0	0	320	240	-0.064290	1.742259	-4.847466	-0.012858	0	0
20140103111607448	-5.390546	252.674143	2.668530	-5.436528	253.247477	35.924190	0	0	320	240	0	0	320	240	-0.083577	1.716543	-4.886040	-0.038574	0	0
20140103111607532	-5.390546	252.674143	2.668530	-5.436528	253.247477	35.924190	0	0	320	240	0	0	320	240	-0.083577	1.716543	-4.886040	-0.038574	0	0
20140103111607612	-5.489286	250.706278	2.450668	-5.505061	250.776282	35.699615	0	0	320	240	0	0	320	240	-0.115722	1.671540	-4.937472	-0.083577	0	0
20140103111607692	-5.503178	250.058643	2.388169	-5.522128	249.956766	35.626002	0	0	320	240	0	0	320	240	-0.122151	1.658682	-4.950330	-0.096435	0	0
20140103111607772	-5.530747	248.773260	2.236181	-5.534751	248.314517	35.482935	0	0	320	240	0	0	320	240	-0.135009	1.626537	-4.976046	-0.128580	0	0
20140103111607872	-5.502267	246.248727	2.075197	-5.538864	246.668181	35.325262	0	0	320	240	0	0	320	240	-0.141438	1.594392	-5.008191	-0.160725	0	0
20140103111607956	-5.529857	246.246268	2.019853	-5.529231	245.848648	35.261962	0	0	320	240	0	0	320	240	-0.147867	1.581534	-5.014620	-0.173583	0	0
20140103111608036	-5.529857	246.246268	2.019853	-5.529231	245.848648	35.261962	0	0	320	240	0	0	320	240	-0.147867	1.581534	-5.014620	-0.173583	0	0
20140103111608120	-5.501966	245.004266	1.954626	-5.516140	245.024563	35.184444	0	0	320	240	0	0	320	240	-0.147867	1.568676	-5.027478	-0.186441	0	0
20140103111608224	-5.406345	241.955703	1.631296	-5.419831	241.743103	34.862073	0	0	320	240	0	0	320	240	-0.141438	1.497957	-5.053194	-0.257160	0	0
20140103111608304	-5.312434	240.166036	1.457331	-5.335603	240.112285	34.705594	0	0	320	240	0	0	320	240	-0.128580	1.459383	-5.059623	-0.295734	0	0
20140103111608384	-5.312434	240.166036	1.457331	-5.335603	240.112285	34.705594	0	0	320	240	0	0	320	240	-0.128580	1.459383	-5.059623	-0.295734	0	0
20140103111608468	-5.312434	240.166036	1.457331	-5.335603	240.112285	34.705594	0	0	320	240	0	0	320	240	-0.128580	1.459383	-5.059623	-0.295734	0	0
20140103111608548	-5.312434	240.166036	1.457331	-5.335603	240.112285	34.705594	0	0	320	240	0	0	320	240	-0.128580	1.459383	-5.059623	-0.295734	0	0
20140103111608628	-5.312434	240.166036	1.457331	-5.335603	240.112285	34.705594	0	0	320	240	0	0	320	240	-0.128580	1.459383	-5.059623	-0.295734	0	0
20140103111608708	-5.312434	240.166036	1.457331	-5.335603	240.112285	34.705594	0	0	320	240	0	0	320	240	-0.128580	1.459383	-5.059623	-0.295734	0	0
20140103111608792	-5.312434	240.166036	1.457331	-5.335603	240.112285	34.705594	0	0	320	240	0	0	320	240	-0.128580	1.459383	-5.059623	-0.295734	0	0
20140103111608924	-5.312434	240.166036	1.457331	-5.335603	240.112285	34.705594	0	0	320	240	0	0	320	240	-0.128580	1.459383	-5.059623	-0.295734	0	0
20140103111609024	-5.312434	240.166036	1.457331	-5.335603	240.112285	34.705594	0	0	320	240	0	0	320	240	-0.128580	1.459383	-5.059623	-0.295734	0	0
20140103111609104	-5.312434	240.166036	1.457331	-5.335603	240.112285	34.705594	0	0	320	240	0	0	320	240	-0.128580	1.459383	-5.059623	-0.295734	0	0
20140103111609188	-5.312434	240.166036	1.457331	-5.335603	240.112285	34.705594	0	0	320	240	0	0	320	240	-0.128580	1.459383	-5.059623	-0.295734	0	0
20140103111609284	-5.312434	240.166036	1.457331	-5.335603	240.112285	34.705594	0	0	320	240	0	0	320	240	-0.128580	1.459383	-5.059623	-0.295734	0	0
20140103111609388	-4.625299	232.728475	0.797706	-4.548237	231.990741	33.977676	0	0	320	240	0	0	320	240	0.000000	1.305087	-5.014620	-0.443601	0	0
20140103111609472	-4.359446	231.092779	0.649274	-4.329592	230.376307	33.880035	0	0	320	240	0	0	320	240	0.057861	1.272942	-4.976046	-0.482175	0	0
20140103111609552	-4.359446	231.092779	0.649274	-4.329592	230.376307	33.880035	0	0	320	240	0	0	320	240	0.057861	1.272942	-4.976046	-0.482175	0	0
20140103111609636	-4.359446	231.092779	0.649274	-4.329592	230.376307	33.880035	0	0	320	240	0	0	320	240	0.057861	1.272942	-4.976046	-0.482175	0	0
20140103111609716	-4.359446	231.092779	0.649274	-4.329592	230.376307	33.880035	0	0	320	240	0	0	320	240	0.057861	1.272942	-4.976046	-0.482175	0	0
20140103111609796	-4.359446	231.092779	0.649274	-4.329592	230.376307	33.880035	0	0	320	240	0	0	320	240	0.057861	1.272942	-4.976046	-0.482175	0	0
20140103111609880	-4.359446	231.092779	0.649274	-4.329592	230.376307	33.880035	0	0	320	240	0	0	320	240	0.057861	1.272942	-4.976046	-0.482175	0	0
20140103111609964	-4.359446	231.092779	0.649274	-4.329592	230.376307	33.880035	0	0	320	240	0	0	320	240	0.057861	1.272942	-4.976046	-0.482175	0	0
20140103111610108	-3.659430	226.300205	0.610338	-3.517326	224.874222	33.850228	0	0	320	240	0	0	320	240	0.212157	1.266513	-4.879611	-0.488604	0	0
20140103111610200	-3.549697	225.782609	0.608933	-3.517326	224.874222	33.850228	0	0	320	240	0	0	320	240	0.237873	1.266513	-4.860324	-0.488604	0	0
20140103111610280	-3.549697	225.782609	0.608933	-3.517326	224.874222	33.850228	0	0	320	240	0	0	320	240	0.237873	1.266513	-4.860324	-0.488604	0	0
20140103111610364	-3.549697	225.782609	0.608933	-3.517326	224.874222	33.850228	0	0	320	240	0	0	320	240	0.237873	1.266513	-4.860324	-0.488604	0	0
20140103111610444	-3.549697	225.782609	0.608933	-3.517326	224.874222	33.850228	0	0	320	240	0	0	320	240	0.237873	1.266513	-4.860324	-0.488604	0	0
20140103111610528	-3.549697	225.782609	0.608933	-3.517326	224.874222	33.850228	0	0	320	240	0	0	320	240	0.237873	1.266513	-4.860324	-0.488604	0	0
20140103111610624	-2.776382	220.710027	0.644781	-2.768132	220.351405	33.886428	0	0	320	240	0	0	320	240	0.417885	1.279371	-4.744602	-0.475746	0	0
20140103111610704	-2.776382	220.710027	0.644781	-2.768132	220.351405	33.886428	0	0	320	240	0	0	320	240	0.417885	1.279371	-4.744602	-0.475746	0	0
20140103111610788	-2.776382	220.710027	0.644781	-2.768132	220.351405	33.886428	0	0	320	240	0	0	320	240	0.417885	1.279371	-4.744602	-0.475746	0	0
20140103111610872	-2.776382	220.710027	0.644781	-2.768132	220.351405	33.886428	0	0	320	240	0	0	320	240	0.417885	1.279371	-4.744602	-0.475746	0	0
20140103111610956	-2.776382	220.710027	0.644781	-2.768132	220.351405	33.886428	0	0	320	240	0	0	320	240	0.417885	1.279371	-4.744602	-0.475746	0	0
20140103111611044	-2.776382	220.710027	0.644781	-2.768132	220.351405	33.886428	0	0	320	240	0	0	320	240	0.417885	1.279371	-4.744602	-0.475746	0	0
20140103111611136	-2.776382	220.710027	0.644781	-2.768132	220.351405	33.886428	0	0	320	240	0	0	320	240	0.417885	1.279371	-4.744602	-0.475746	0	0
20140103111611216	-2.776382	220.710027	0.644781	-2.768132	220.351405	33.886428	0	0	320	240	0	0	320	240	0.417885	1.279371	-4.744602	-0.475746	0	0
20140103111611296	-2.776382	220.710027	0.644781	-2.768132	220.351405	33.886428	0	0	320	240	0	0	320	240	0.417885	1.279371	-4.744602	-0.475746	0	0
20140103111611472	-1.211174	211.223446	0.593240	-1.197878	210.881745	33.824442	0	0	320	240	0	0	320	240	0.810054	1.272942	-4.481013	-0.482175	0	0
20140103111611564	-1.211174	211.223446	0.593240	-1.197878	210.881745	33.824442	0	0	320	240	0	0	320	240	0.810054	1.272942	-4.481013	-0.482175	0	0
20140103111611644	-1.211174	211.223446	0.593240	-1.197878	210.881745	33.824442	0	0	320	240	0	0	320	240	0.810054	1.272942	-4.481013	-0.482175	0	0
20140103111611728	-1.211174	211.223446	0.593240	-1.197878	210.881745	33.824442	0	0	320	240	0	0	320	240	0.810054	1.272942	-4.481013	-0.482175	0	0
20140103111611812	-1.211174	211.223446	0.593240	-1.197878	210.881745	33.824442	0	0	320	240	0	0	320	240	0.810054	1.272942	-4.481013	-0.482175	0	0
20140103111611896	-1.211174	211.223446	0.593240	-1.197878	210.881745	33.824442	0	0	320	240	0	0	320	240	0.810054	1.272942	-4.481013	-0.482175	0	0
20140103111611980	-1.211174	211.223446	0.593240	-1.197878	210.881745	33.824442	0	0	320	240	0	0	320	240	0.810054	1.272942	-4.481013	-0.482175	0	0
20140103111612060	-1.211174	211.223446	0.593240	-1.197878	210.881745	33.824442	0	0	320	240	0	0	320	240	0.810054	1.272942	-4.481013	-0.482175	0	0
20140103111612144	-1.211174	211.223446	0.593240	-1.197878	210.881745	33.824442	0	0	320	240	0	0	320	240	0.810054	1.272942	-4.481013	-0.482175	0	0
20140103111612228	-0.895361	209.423444	0.541129	-0.876787	208.763494	33.781148	0	0	320	240	0	0	320	240	0.893631	1.260084	-4.423152	-0.495033	0	0
20140103111612308	-0.895361	209.423444	0.541129	-0.876787	208.763494	33.781148	0	0	320	240	0	0	320	240	0.893631	1.260084	-4.423152	-0.495033	0	0
20140103111612388	-0.895361	209.423444	0.541129	-0.876787	208.763494	33.781148	0	0	320	240	0	0	320	240	0.893631	1.260084	-4.423152	-0.495033	0	0
20140103111612476	-0.895361	209.423444	0.541129	-0.876787	208.763494	33.781148	0	0	320	240	0	0	320	240	0.893631	1.260084	-4.423152	-0.495033	0	0
20140103111612556	-0.895361	209.423444	0.541129	-0.876787	208.763494	33.781148	0	0	320	240	0	0	320	240	0.893631	1.260084	-4.423152	-0.495033	0	0
20140103111612652	-0.162723	204.190659	0.527574	-0.159455	203.938004	33.760105	0	0	320	240	0	0	320	240	1.092930	1.260084	-4.301001	-0.495033	0	0
20140103111612744	-0.162723	204.190659	0.527574	-0.159455	203.938004	33.760105	0	0	320	240	0	0	320	240	1.092930	1.260084	-4.301001	-0.495033	0	0
20140103111612824	-0.162723	204.190659	0.527574	-0.159455	203.938004	33.760105	0	0	320	240	0	0	320	240	1.092930	1.260084	-4.301001	-0.495033	0	0
20140103111612908	-0.162723	204.190659	0.527574	-0.159455	203.938004	33.760105	0	0	320	240	0	0	320	240	1.092930	1.260084	-4.301001	-0.495033	0	0
20140103111612992	-0.162723	204.190659	0.527574	-0.159455	203.938004	33.760105	0	0	320	240	0	0	320	240	1.092930	1.260084	-4.301001	-0.495033	0	0
20140103111613108	0.490479	199.617649	0.515730	0.487338	199.250991	33.746485	0	0	320	240	0	0	320	240	1.279371	1.260084	-4.185279	-0.495033	0	0
20140103111613188	0.490479	199.617649	0.515730	0.487338	199.250991	33.746485	0	0	320	240	0	0	320	240	1.279371	1.260084	-4.185279	-0.495033	0	0
20140103111613280	0.490479	199.617649	0.515730	0.487338	199.250991	33.746485	0	0	320	240	0	0	320	240	1.279371	1.260084	-4.185279	-0.495033	0	0
20140103111613364	0.490479	199.617649	0.515730	0.487338	199.250991	33.746485	0	0	320	240	0	0	320	240	1.279371	1.260084	-4.185279	-0.495033	0	0
20140103111613444	0.490479	199.617649	0.515730	0.487338	199.250991	33.746485	0	0	320	240	0	0	320	240	1.279371	1.260084	-4.185279	-0.495033	0	0
20140103111613524	0.490479	199.617649	0.515730	0.487338	199.250991	33.746485	0	0	320	240	0	0	320	240	1.279371	1.260084	-4.185279	-0.495033	0	0
20140103111613608	0.490479	199.617649	0.515730	0.487338	199.250991	33.746485	0	0	320	240	0	0	320	240	1.279371	1.260084	-4.185279	-0.495033	0	0
20140103111613692	0.490479	199.617649	0.515730	0.487338	199.250991	33.746485	0	0	320	240	0	0	320	240	1.279371	1.260084	-4.185279	-0.495033	0	0
20140103111613772	0.490479	199.617649	0.515730	0.487338	199.250991	33.746485	0	0	320	240	0	0	320	240	1.279371	1.260084	-4.185279	-0.495033	0	0
20140103111613856	0.490479	199.617649	0.515730	0.487338	199.250991	33.746485	0	0	320	240	0	0	320	240	1.279371	1.260084	-4.185279	-0.495033	0	0
20140103111613936	0.490479	199.617649	0.515730	0.487338	199.250991	33.746485	0	0	320	240	0	0	320	240	1.279371	1.260084	-4.185279	-0.495033	0	0
20140103111614020	0.490479	199.617649	0.515730	0.487338	199.250991	33.746485	0	0	320	240	0	0	320	240	1.279371	1.260084	-4.185279	-0.495033	0	0
20140103111614100	0.490479	199.617649	0.515730	0.487338	199.250991	33.746485	0	0	320	240	0	0	320	240	1.279371	1.260084	-4.185279	-0.495033	0	0
20140103111614184	0.490479	199.617649	0.515730	0.487338	199.250991	33.746485	0	0	320	240	0	0	320	240	1.279371	1.260084	-4.185279	-0.495033	0	0
20140103111614264	0.490479	199.617649	0.515730	1.952123	187.052185	33.631395	0	0	320	240	0	0	320	240	1.279371	1.260084	-4.185279	-0.495033	0	0
20140103111614372	2.008745	186.672062	0.398407	2.254570	183.990261	33.613019	0	0	320	240	0	0	320	240	1.755117	1.234368	-3.928119	-0.520749	0	0
20140103111614460	2.304356	183.515094	0.381369	2.299633	183.390099	33.618932	0	0	320	240	0	0	320	240	1.857981	1.227939	-3.883116	-0.520749	0	0
20140103111614540	2.304356	183.515094	0.381369	2.299633	183.390099	33.618932	0	0	320	240	0	0	320	240	1.857981	1.227939	-3.883116	-0.520749	0	0
