20140103111557028	-10.074037	453.759424	49.924764	-0.128580	3.214500	-3.831684	1.452954	303	245	310	238
20140103111557132	-10.047290	451.421150	49.808609	-0.128580	3.214500	-3.844542	1.446525	304	246	309	238
20140103111557324	-9.977179	446.789654	49.543357	-0.135009	3.201642	-3.863829	1.440096	306	247	309	240
20140103111557408	-9.932640	444.499806	49.420791	-0.135009	3.195213	-3.870258	1.433667	305	251	312	244
20140103111557492	-9.905620	443.359425	49.362083	-0.135009	3.195213	-3.876687	1.427238	305	252	311	245
20140103111557576	-9.839830	441.080722	49.215027	-0.135009	3.188784	-3.876687	1.427238	303	254	310	248
20140103111557660	-9.804139	439.942115	49.134310	-0.135009	3.182355	-3.883116	1.414380	303	256	310	248
20140103111557740	-9.713094	437.678409	48.987167	-0.128580	3.169497	-3.883116	1.407951	306	257	308	248
20140103111557824	-9.602890	435.425018	48.856412	-0.122151	3.163068	-3.883116	1.401522	308	256	310	248
20140103111557924	-9.470096	433.179334	48.693322	-0.115722	3.156639	-3.883116	1.395093	310	256	312	249
20140103111558004	-9.396207	432.060707	48.619837	-0.102864	3.150210	-3.876687	1.388664	313	259	314	252
20140103111558092	-9.241118	429.832919	48.455190	-0.090006	3.137352	-3.870258	1.375806	316	260	315	251
20140103111558176	-9.074690	427.609125	48.296497	-0.070719	3.130923	-3.863829	1.362948	319	260	316	249
20140103111558256	-8.985908	426.507519	48.227416	-0.064290	3.124494	-3.857400	1.362948	320	258	315	250
20140103111558344	-8.808747	424.302214	48.068675	-0.045003	3.111636	-3.844542	1.350090	321	259	318	251
20140103111558424	-8.626743	422.107848	47.923639	-0.025716	3.105207	-3.838113	1.337232	322	258	322	251
20140103111558524	-8.447556	419.926496	47.771871	-0.006429	3.092349	-3.825255	1.330803	322	258	325	249
20140103111558608	-8.267807	417.755633	47.635446	0.000000	3.085920	-3.812397	1.324374	323	258	328	251
20140103111558708	-8.090691	415.589254	47.498339	0.012858	3.079491	-3.812397	1.317945	323	259	329	250
20140103111558792	-8.090691	415.589254	47.498339	0.019287	3.079491	-3.805968	1.311516	325	259	330	252
20140103111558876	-7.818632	412.368286	47.289127	0.051432	3.060204	-3.786681	1.298658	329	260	329	251
20140103111558976	-7.634164	410.222921	47.141858	0.070719	3.053775	-3.773823	1.285800	331	259	330	251
20140103111559060	-7.541421	409.157755	47.060341	0.083577	3.047346	-3.767394	1.279371	329	260	328	251
20140103111559176	-7.261369	405.968799	46.810516	0.109293	3.028059	-3.748107	1.260084	326	261	329	251
20140103111559276	-7.078471	403.853007	46.643616	0.135009	3.015201	-3.735249	1.247226	325	260	329	253
20140103111559372	-6.890470	401.740131	46.453517	0.154296	2.995914	-3.722391	1.234368	325	261	327	252
20140103111559464	-6.799490	400.688169	46.362389	0.167154	2.989485	-3.715962	1.221510	328	261	329	254
20140103111559548	-6.611647	398.588218	46.176587	0.186441	2.970198	-3.703104	1.208652	328	262	328	253
20140103111559628	-6.426672	396.496295	46.002340	0.205728	2.957340	-3.690246	1.189365	326	260	327	253
20140103111559708	-6.339398	395.446543	45.902323	0.218586	2.944482	-3.683817	1.182936	326	261	326	252
20140103111559788	-6.161038	393.362181	45.724183	0.237873	2.931624	-3.670959	1.170078	328	261	327	253
20140103111559868	-6.075516	392.317803	45.623554	0.250731	2.918766	-3.664530	1.157220	329	264	329	256
20140103111559948	-5.897836	390.241089	45.447809	0.270018	2.905908	-3.651672	1.137933	329	262	331	254
20140103111600032	-5.735339	388.167461	45.255642	0.289305	2.886621	-3.645243	1.118646	330	264	334	256
20140103111600116	-5.569532	386.096910	45.079570	0.308592	2.867334	-3.632385	1.105788	329	263	330	255
20140103111600224	-5.408815	384.035669	44.901314	0.327879	2.848047	-3.619527	1.086501	327	258	326	252
20140103111600308	-5.250430	381.974833	44.706363	0.340737	2.841618	-3.613098	1.080072	327	260	325	255
20140103111600388	-5.170248	380.946293	44.612879	0.360024	2.822331	-3.606669	1.060785	329	262	326	255
20140103111600476	-5.011746	378.893712	44.432341	0.379311	2.803044	-3.593811	1.041498	330	260	328	254
20140103111600556	-4.931737	377.869676	44.354595	0.392169	2.796615	-3.587382	1.035069	330	263	329	253
20140103111600636	-4.774472	375.819099	44.182519	0.411456	2.777328	-3.574524	1.015782	329	261	331	254
20140103111600740	-4.619645	373.777967	44.038320	0.430743	2.764470	-3.568095	1.002924	328	260	330	252
20140103111600824	-4.458195	371.729049	43.880281	0.450030	2.751612	-3.555237	0.990066	329	262	329	253
20140103111600924	-4.312822	369.692691	43.707439	0.469317	2.732325	-3.542379	0.970779	328	259	328	253
20140103111601008	-4.239480	368.677566	43.632437	0.475746	2.725896	-3.542379	0.964350	328	262	327	251
20140103111601092	-4.019285	365.636562	43.380608	0.495033	2.706609	-3.529521	0.945063	330	261	328	254
20140103111601172	-3.944710	364.625771	43.307791	0.507891	2.700180	-3.523092	0.938634	330	263	330	254
20140103111601252	-3.873737	363.613221	43.218895	0.527178	2.680893	-3.516663	0.919347	329	262	331	255
20140103111601332	-3.723310	361.598649	43.048953	0.546465	2.668035	-3.503805	0.900060	329	261	330	253
20140103111601416	-3.567193	359.601876	42.924904	0.565752	2.655177	-3.490947	0.893631	328	259	329	250
20140103111601524	-3.403537	357.603645	42.778341	0.591468	2.642319	-3.478089	0.874344	328	259	327	252
20140103111601608	-3.232637	355.624285	42.677975	0.617184	2.629461	-3.465231	0.867915	331	260	328	253
20140103111601700	-3.057253	353.646308	42.542534	0.630042	2.623032	-3.452373	0.855057	331	261	328	253
20140103111601780	-2.960857	352.667065	42.483409	0.655758	2.610174	-3.439515	0.848628	333	261	331	254
20140103111601860	-2.863072	351.686835	42.441646	0.668616	2.610174	-3.433086	0.848628	332	256	333	250
20140103111601956	-2.591266	348.760402	42.284937	0.700761	2.603745	-3.413799	0.842199	332	259	333	252
20140103111602056	-2.393078	346.828638	42.204364	0.726477	2.597316	-3.394512	0.835770	333	258	333	252
20140103111602156	-2.209163	344.896372	42.118224	0.758622	2.590887	-3.375225	0.822912	334	259	336	253
20140103111602256	-2.017706	342.986504	42.037887	0.784338	2.584458	-3.355938	0.822912	335	258	335	253
20140103111602392	-1.820193	341.073571	41.949756	0.829341	2.571600	-3.323793	0.810054	336	259	335	252
20140103111602492	-1.630927	339.179293	41.892868	0.861486	2.571600	-3.304506	0.810054	336	259	335	253
20140103111602592	-1.442615	337.285926	41.793654	0.893631	2.565171	-3.285219	0.803625	335	259	334	251
20140103111602692	-1.260818	335.415162	41.700362	0.919347	2.558742	-3.265932	0.797196	336	258	337	251
20140103111602772	-1.077442	333.543528	41.607409	0.951492	2.545884	-3.246645	0.784338	335	260	339	251
20140103111602856	-0.905906	331.677157	41.499576	0.964350	2.545884	-3.233787	0.784338	333	261	338	252
20140103111602956	-0.733970	329.828087	41.405625	0.996495	2.533026	-3.220929	0.771480	336	260	337	253
20140103111603056	-0.570920	327.976535	41.264225	1.022211	2.526597	-3.201642	0.765051	338	261	335	255
20140103111603140	-0.493153	327.053686	41.212680	1.047927	2.507310	-3.182355	0.745764	338	264	334	254
20140103111603248	-0.356681	325.224123	41.100934	1.060785	2.500881	-3.169497	0.732906	332	259	332	253
20140103111603340	-0.236351	323.389908	40.966703	1.092930	2.481594	-3.163068	0.720048	331	262	332	254
20140103111603424	-0.186952	322.480338	40.895134	1.105788	2.468736	-3.156639	0.707190	330	263	334	255
20140103111603504	-0.096391	320.668219	40.769968	1.118646	2.455878	-3.156639	0.694332	329	261	333	254
20140103111603584	-0.028706	318.860894	40.618253	1.131504	2.436591	-3.150210	0.675045	328	261	332	255
20140103111603668	0.015869	317.061909	40.482963	1.137933	2.417304	-3.156639	0.655758	328	260	330	254
20140103111603748	0.038008	316.156851	40.424475	1.144362	2.410875	-3.156639	0.649329	326	262	327	252
20140103111603828	0.056316	314.369213	40.289372	1.144362	2.398017	-3.163068	0.636471	325	259	327	254
20140103111603912	0.062053	313.471329	40.228313	1.150791	2.391588	-3.169497	0.623613	326	260	327	254
20140103111603992	0.058970	311.685022	40.106246	1.150791	2.372301	-3.182355	0.610755	327	262	325	254
20140103111604092	0.036525	309.907521	39.989403	1.144362	2.359443	-3.195213	0.597897	326	260	322	253
20140103111604172	0.004317	308.136563	39.875182	1.137933	2.346585	-3.214500	0.585039	323	262	319	253
20140103111604256	-0.052131	306.369443	39.757998	1.125075	2.333727	-3.240216	0.565752	321	261	315	253
20140103111604340	-0.093025	305.490172	39.674094	1.118646	2.320869	-3.253074	0.559323	319	264	310	256
20140103111604420	-0.174514	303.737691	39.570718	1.105788	2.308011	-3.278790	0.546465	318	262	307	253
20140103111604500	-0.216935	302.859207	39.531083	1.092930	2.301582	-3.291648	0.540036	316	262	306	254
20140103111604636	-0.327589	301.111793	39.404400	1.073643	2.282295	-3.323793	0.520749	312	260	306	255
20140103111604732	-0.446581	299.372836	39.299143	1.054356	2.269437	-3.362367	0.507891	308	260	308	254
20140103111604816	-0.589995	297.638644	39.188963	1.022211	2.256579	-3.400941	0.495033	303	263	306	255
20140103111604896	-0.747768	295.908736	39.084634	0.990066	2.243721	-3.445944	0.482175	301	262	303	255
20140103111604992	-0.914068	294.183366	38.979959	0.957921	2.230863	-3.490947	0.469317	303	262	304	254
20140103111605072	-1.091512	292.467835	38.880813	0.925776	2.218005	-3.535950	0.456459	302	264	302	254
20140103111605172	-1.286344	290.756219	38.779099	0.880773	2.205147	-3.593811	0.443601	304	261	302	253
20140103111605276	-1.494987	289.050954	38.671946	0.842199	2.185860	-3.645243	0.424314	303	262	302	253
20140103111605372	-1.710561	287.348906	38.565629	0.797196	2.173002	-3.703104	0.411456	302	260	301	253
20140103111605476	-1.934021	285.658592	38.456627	0.752193	2.160144	-3.760965	0.398598	301	260	301	254
20140103111605556	-2.048611	284.809943	38.419497	0.726477	2.153715	-3.793110	0.392169	300	262	299	254
20140103111605656	-2.400935	282.280617	38.232263	0.675045	2.134428	-3.857400	0.372882	299	263	297	255
20140103111605756	-2.642658	280.596905	38.115148	0.623613	2.121570	-3.921690	0.353595	294	262	293	255
20140103111605856	-2.882154	278.924362	38.030225	0.572181	2.102283	-3.985980	0.340737	291	265	290	255
20140103111605940	-3.004551	278.082885	37.973599	0.520749	2.089425	-4.056699	0.321450	289	264	289	255
20140103111606020	-3.128545	277.247799	37.900125	0.488604	2.076567	-4.088844	0.315021	294	263	295	255
20140103111606104	-3.372475	275.572523	37.804934	0.437172	2.063709	-4.153134	0.295734	296	264	298	256
20140103111606184	-3.608551	273.905201	37.685408	0.379311	2.044422	-4.223853	0.276447	296	263	299	254
20140103111606292	-3.836797	272.242707	37.568391	0.327879	2.025135	-4.288143	0.257160	298	262	299	250
20140103111606372	-4.056302	270.576384	37.454790	0.276447	2.005848	-4.352433	0.244302	292	268	293	256
20140103111606456	-4.157772	269.739398	37.380382	0.250731	1.992990	-4.384578	0.231444	298	263	295	254
20140103111606556	-4.446580	267.258458	37.159335	0.205728	1.960845	-4.448868	0.199299	301	266	298	257
20140103111606640	-4.544347	266.431937	37.073346	0.160725	1.935129	-4.506729	0.173583	296	268	295	260
20140103111606720	-4.701868	264.777211	36.922449	0.141438	1.922271	-4.538874	0.160725	301	263	300	254
20140103111606804	-4.787415	263.956843	36.835562	0.096435	1.890126	-4.590306	0.128580	300	266	299	259
20140103111606884	-4.918879	262.303779	36.730650	0.064290	1.877268	-4.641738	0.109293	301	262	302	252
20140103111606968	-4.987510	261.476669	36.651072	0.045003	1.857981	-4.667454	0.096435	302	264	306	253
20140103111607072	-5.156736	258.996053	36.460418	0.012858	1.832265	-4.718886	0.070719	302	264	308	255
20140103111607164	-5.251483	257.347420	36.298621	-0.025716	1.793691	-4.783176	0.032145	300	270	303	261
20140103111607244	-5.293689	256.526232	36.222931	-0.038574	1.780833	-4.802463	0.012858	303	268	307	252
20140103111607324	-5.377587	254.884289	36.056586	-0.064290	1.742259	-4.847466	-0.012858	304	264	309	255
20140103111607448	-5.436528	253.247477	35.924190	-0.083577	1.716543	-4.886040	-0.038574	308	260	310	255
20140103111607532	-5.436528	253.247477	35.924190	-0.083577	1.716543	-4.886040	-0.038574	306	264	312	258
20140103111607612	-5.505061	250.776282	35.699615	-0.115722	1.671540	-4.937472	-0.083577	301	273	309	266
20140103111607692	-5.522128	249.956766	35.626002	-0.122151	1.658682	-4.950330	-0.096435	301	267	310	258
20140103111607772	-5.534751	248.314517	35.482935	-0.135009	1.626537	-4.976046	-0.128580	303	269	308	263
20140103111607872	-5.538864	246.668181	35.325262	-0.141438	1.594392	-5.008191	-0.160725	306	267	308	260
20140103111607956	-5.529231	245.848648	35.261962	-0.147867	1.581534	-5.014620	-0.173583	307	271	307	264
20140103111608036	-5.529231	245.848648	35.261962	-0.147867	1.581534	-5.014620	-0.173583	308	271	309	264
20140103111608120	-5.516140	245.024563	35.184444	-0.147867	1.568676	-5.027478	-0.186441	307	280	308	273
20140103111608224	-5.419831	241.743103	34.862073	-0.141438	1.497957	-5.053194	-0.257160	308	285	308	279
20140103111608304	-5.335603	240.112285	34.705594	-0.128580	1.459383	-5.059623	-0.295734	313	287	314	278
20140103111608384	-5.335603	240.112285	34.705594	-0.128580	1.459383	-5.059623	-0.295734	318	274	325	269
20140103111608468	-5.335603	240.112285	34.705594	-0.128580	1.459383	-5.059623	-0.295734	318	282	321	277
20140103111608548	-5.335603	240.112285	34.705594	-0.128580	1.459383	-5.059623	-0.295734	335	295	324	289
20140103111608628	-5.335603	240.112285	34.705594	-0.128580	1.459383	-5.059623	-0.295734	345	303	329	296
20140103111608708	-5.335603	240.112285	34.705594	-0.128580	1.459383	-5.059623	-0.295734	356	310	333	302
20140103111608792	-5.335603	240.112285	34.705594	-0.128580	1.459383	-5.059623	-0.295734	368	316	341	309
20140103111608924	-5.335603	240.112285	34.705594	-0.128580	1.459383	-5.059623	-0.295734	377	321	347	315
20140103111609024	-5.335603	240.112285	34.705594	-0.128580	1.459383	-5.059623	-0.295734	391	323	355	316
20140103111609104	-5.335603	240.112285	34.705594	-0.128580	1.459383	-5.059623	-0.295734	414	324	370	318
20140103111609188	-5.335603	240.112285	34.705594	-0.128580	1.459383	-5.059623	-0.295734	431	322	379	316
20140103111609284	-5.335603	240.112285	34.705594	-0.128580	1.459383	-5.059623	-0.295734	446	319	390	313
20140103111609388	-4.548237	231.990741	33.977676	0.000000	1.305087	-5.014620	-0.443601	463	317	402	312
20140103111609472	-4.329592	230.376307	33.880035	0.057861	1.272942	-4.976046	-0.482175	452	276	409	268
20140103111609552	-4.329592	230.376307	33.880035	0.057861	1.272942	-4.976046	-0.482175	450	258	410	250
20140103111609636	-4.329592	230.376307	33.880035	0.057861	1.272942	-4.976046	-0.482175	466	257	420	249
20140103111609716	-4.329592	230.376307	33.880035	0.057861	1.272942	-4.976046	-0.482175	481	256	429	250
20140103111609796	-4.329592	230.376307	33.880035	0.057861	1.272942	-4.976046	-0.482175	495	256	439	250
20140103111609880	-4.329592	230.376307	33.880035	0.057861	1.272942	-4.976046	-0.482175	511	257	449	251
20140103111609964	-4.329592	230.376307	33.880035	0.057861	1.272942	-4.976046	-0.482175	526	258	460	253
20140103111610108	-3.517326	224.874222	33.850228	0.212157	1.266513	-4.879611	-0.488604	542	260	470	255
20140103111610200	-3.517326	224.874222	33.850228	0.237873	1.266513	-4.860324	-0.488604	557	261	481	256
20140103111610280	-3.517326	224.874222	33.850228	0.237873	1.266513	-4.860324	-0.488604	530	262	463	257
20140103111610364	-3.517326	224.874222	33.850228	0.237873	1.266513	-4.860324	-0.488604	546	264	472	259
20140103111610444	-3.517326	224.874222	33.850228	0.237873	1.266513	-4.860324	-0.488604	561	266	483	261
20140103111610528	-3.517326	224.874222	33.850228	0.237873	1.266513	-4.860324	-0.488604	575	268	491	262
20140103111610624	-2.768132	220.351405	33.886428	0.417885	1.279371	-4.744602	-0.475746	590	265	500	260
20140103111610704	-2.768132	220.351405	33.886428	0.417885	1.279371	-4.744602	-0.475746	550	265	473	260
20140103111610788	-2.768132	220.351405	33.886428	0.417885	1.279371	-4.744602	-0.475746	563	264	483	258
20140103111610872	-2.768132	220.351405	33.886428	0.417885	1.279371	-4.744602	-0.475746	576	263	491	258
20140103111610956	-2.768132	220.351405	33.886428	0.417885	1.279371	-4.744602	-0.475746	590	261	500	257
20140103111611044	-2.768132	220.351405	33.886428	0.417885	1.279371	-4.744602	-0.475746	603	262	508	258
20140103111611136	-2.768132	220.351405	33.886428	0.417885	1.279371	-4.744602	-0.475746	618	263	516	258
20140103111611216	-2.768132	220.351405	33.886428	0.417885	1.279371	-4.744602	-0.475746	631	262	525	259
20140103111611296	-2.768132	220.351405	33.886428	0.417885	1.279371	-4.744602	-0.475746	630	264	531	260
20140103111611472	-1.197878	210.881745	33.824442	0.810054	1.272942	-4.481013	-0.482175	590	264	539	262
20140103111611564	-1.197878	210.881745	33.824442	0.810054	1.272942	-4.481013	-0.482175	589	265	547	263
20140103111611644	-1.197878	210.881745	33.824442	0.810054	1.272942	-4.481013	-0.482175	577	272	479	268
20140103111611728	-1.197878	210.881745	33.824442	0.810054	1.272942	-4.481013	-0.482175	589	273	485	269
20140103111611812	-1.197878	210.881745	33.824442	0.810054	1.272942	-4.481013	-0.482175	601	272	492	269
20140103111611896	-1.197878	210.881745	33.824442	0.810054	1.272942	-4.481013	-0.482175	610	271	497	268
20140103111611980	-1.197878	210.881745	33.824442	0.810054	1.272942	-4.481013	-0.482175	622	270	501	266
20140103111612060	-1.197878	210.881745	33.824442	0.810054	1.272942	-4.481013	-0.482175	631	269	507	266
20140103111612144	-1.197878	210.881745	33.824442	0.810054	1.272942	-4.481013	-0.482175	630	269	511	267
20140103111612228	-0.876787	208.763494	33.781148	0.893631	1.260084	-4.423152	-0.495033	588	269	515	268
20140103111612308	-0.876787	208.763494	33.781148	0.893631	1.260084	-4.423152	-0.495033	633	270	501	268
20140103111612388	-0.876787	208.763494	33.781148	0.893631	1.260084	-4.423152	-0.495033	592	268	505	270
20140103111612476	-0.876787	208.763494	33.781148	0.893631	1.260084	-4.423152	-0.495033	585	265	508	267
20140103111612556	-0.876787	208.763494	33.781148	0.893631	1.260084	-4.423152	-0.495033	586	268	511	268
20140103111612652	-0.159455	203.938004	33.760105	1.092930	1.260084	-4.301001	-0.495033	588	267	514	267
20140103111612744	-0.159455	203.938004	33.760105	1.092930	1.260084	-4.301001	-0.495033	619	270	477	269
20140103111612824	-0.159455	203.938004	33.760105	1.092930	1.260084	-4.301001	-0.495033	629	271	479	270
20140103111612908	-0.159455	203.938004	33.760105	1.092930	1.260084	-4.301001	-0.495033	632	272	480	270
20140103111612992	-0.159455	203.938004	33.760105	1.092930	1.260084	-4.301001	-0.495033	623	269	480	269
20140103111613108	0.487338	199.250991	33.746485	1.279371	1.260084	-4.185279	-0.495033	582	267	480	268
20140103111613188	0.487338	199.250991	33.746485	1.279371	1.260084	-4.185279	-0.495033	626	267	461	266
20140103111613280	0.487338	199.250991	33.746485	1.279371	1.260084	-4.185279	-0.495033	602	269	440	267
20140103111613364	0.487338	199.250991	33.746485	1.279371	1.260084	-4.185279	-0.495033	605	272	437	270
20140103111613444	0.487338	199.250991	33.746485	1.279371	1.260084	-4.185279	-0.495033	602	273	435	273
20140103111613524	0.487338	199.250991	33.746485	1.279371	1.260084	-4.185279	-0.495033	607	272	431	272
20140103111613608	0.487338	199.250991	33.746485	1.279371	1.260084	-4.185279	-0.495033	606	272	428	272
20140103111613692	0.487338	199.250991	33.746485	1.279371	1.260084	-4.185279	-0.495033	612	273	423	272
20140103111613772	0.487338	199.250991	33.746485	1.279371	1.260084	-4.185279	-0.495033	612	272	418	270
20140103111613856	0.487338	199.250991	33.746485	1.279371	1.260084	-4.185279	-0.495033	616	272	414	270
20140103111613936	0.487338	199.250991	33.746485	1.279371	1.260084	-4.185279	-0.495033	614	274	409	272
20140103111614020	0.487338	199.250991	33.746485	1.279371	1.260084	-4.185279	-0.495033	611	273	404	271
20140103111614100	0.487338	199.250991	33.746485	1.279371	1.260084	-4.185279	-0.495033	617	275	400	273
20140103111614184	0.487338	199.250991	33.746485	1.279371	1.260084	-4.185279	-0.495033	608	272	394	272
20140103111614264	1.952123	187.052185	33.631395	1.279371	1.260084	-4.185279	-0.495033	616	273	389	272
20140103111614372	2.254570	183.990261	33.613019	1.755117	1.234368	-3.928119	-0.520749	610	271	383	270
20140103111614460	2.299633	183.390099	33.618932	1.857981	1.227939	-3.883116	-0.520749	501	265	298	263
20140103111614540	2.299633	183.390099	33.618932	1.857981	1.227939	-3.883116	-0.520749	455	266	276	264
