111557030   303   245   310   238
111557134   304   246   309   238
111557325   306   247   309   240
111557409   305   251   312   244
111557491   305   252   311   245
111557575   303   254   310   248
111557660   303   256   310   248
111557742   306   257   308   248
111557824   308   256   310   248
111557925   310   256   312   249
111558005   313   259   314   252
111558092   316   260   315   251
111558178   319   260   316   249
111558259   320   258   315   250
111558345   321   259   318   251
111558426   322   258   322   251
111558525   322   258   325   249
111558610   323   258   328   251
111558708   323   259   329   250
111558793   325   259   330   252
111558879   329   260   329   251
111558976   331   259   330   251
111559059   329   260   328   251
111559175   326   261   329   251
111559275   325   260   329   253
111559375   325   261   327   252
111559466   328   261   329   254
111559547   328   262   328   253
111559630   326   260   327   253
111559710   326   261   326   252
111559791   328   261   327   253
111559871   329   264   329   256
111559951   329   262   331   254
111600033   330   264   334   256
111600117   329   263   330   255
111600226   327   258   326   252
111600309   327   260   325   255
111600389   329   262   326   255
111600476   330   260   328   254
111600556   330   263   329   253
111600636   329   261   331   254
111600742   328   260   330   252
111600826   329   262   329   253
111600925   328   259   328   253
111601008   328   262   327   251
111601092   330   261   328   254
111601172   330   263   330   254
111601254   329   262   331   255
111601335   329   261   330   253
111601416   328   259   329   250
111601525   328   259   327   252
111601609   331   260   328   253
111601700   331   261   328   253
111601782   333   261   331   254
111601862   332   256   333   250
111601958   332   259   333   252
111602059   333   258   333   252
111602159   334   259   336   253
111602258   335   258   335   253
111602392   336   259   335   252
111602493   336   259   335   253
111602592   335   259   334   251
111602692   336   258   337   251
111602772   335   260   339   251
111602859   333   261   338   252
111602958   336   260   337   253
111603059   338   261   335   255
111603139   338   264   334   254
111603250   332   259   332   253
111603341   331   262   332   254
111603423   330   263   334   255
111603504   329   261   333   254
111603586   328   261   332   255
111603669   328   260   330   254
111603750   326   262   327   252
111603830   325   259   327   254
111603912   326   260   327   254
111603995   327   262   325   254
111604091   326   260   322   253
111604173   323   262   319   253
111604259   321   261   315   253
111604341   319   264   310   256
111604421   318   262   307   253
111604502   316   262   306   254
111604639   312   260   306   255
111604733   308   260   308   254
111604816   303   263   306   255
111604898   301   262   303   255
111604991   303   262   304   254
111605072   302   264   302   254
111605175   304   261   302   253
111605275   303   262   302   253
111605374   302   260   301   253
111605476   301   260   301   254
111605557   300   262   299   254
111605658   299   263   297   255
111605758   294   262   293   255
111605858   291   265   290   255
111605939   289   264   289   255
111606020   294   263   295   255
111606103   296   264   298   256
111606184   296   263   299   254
111606291   298   262   299   250
111606372   292   268   293   256
111606455   298   263   295   254
111606558   301   266   298   257
111606639   296   268   295   260
111606721   301   263   300   254
111606805   300   266   299   259
111606887   301   262   302   252
111606969   302   264   306   253
111607074   302   264   308   255
111607164   300   270   303   261
111607246   303   268   307   252
111607327   304   264   309   255
111607448   308   260   310   255
111607532   306   264   312   258
111607612   301   273   309   266
111607693   301   267   310   258
111607773   303   269   308   263
111607874   306   267   308   260
111607956   307   271   307   264
111608037   308   271   309   264
111608119   307   280   308   273
111608224   308   285   308   279
111608304   313   287   314   278
111608386   318   274   325   269
111608467   318   282   321   277
111608548   335   295   324   289
111608629   345   303   329   296
111608710   356   310   333   302
111608791   368   316   341   309
111608927   377   321   347   315
111609023   391   323   355   316
111609104   414   324   370   318
111609187   431   322   379   316
111609284   446   319   390   313
111609390   463   317   402   312
111609471   452   276   409   268
111609553   450   258   410   250
111609637   466   257   420   249
111609718   481   256   429   250
111609799   495   256   439   250
111609882   511   257   449   251
111609965   526   258   460   253
111610108   542   260   470   255
111610200   557   261   481   256
111610282   530   262   463   257
111610364   546   264   472   259
111610446   561   266   483   261
111610528   575   268   491   262
111610624   590   265   500   260
111610707   550   265   473   260
111610788   563   264   483   258
111610875   576   263   491   258
111610957   590   261   500   257
111611046   603   262   508   258
111611135   618   263   516   258
111611216   631   262   525   259
111611298   630   264   531   260
111611475   590   264   539   262
111611564   589   265   547   263
111611646   577   272   479   268
111611728   589   273   485   269
111611812   601   272   492   269
111611896   610   271   497   268
111611979   622   270   501   266
111612062   631   269   507   266
111612147   630   269   511   267
111612229   588   269   515   268
111612310   633   270   501   268
111612390   592   268   505   270
111612477   585   265   508   267
111612558   586   268   511   268
111612654   588   267   514   267
111612745   619   270   477   269
111612827   629   271   479   270
111612908   632   272   480   270
111612993   623   269   480   269
111613107   582   267   480   268
111613189   626   267   461   266
111613281   602   269   440   267
111613364   605   272   437   270
111613446   602   273   435   273
111613526   607   272   431   272
111613607   606   272   428   272
111613693   612   273   423   272
111613774   612   272   418   270
111613857   616   272   414   270
111613938   614   274   409   272
111614019   611   273   404   271
111614101   617   275   400   273
111614185   608   272   394   272
111614265   616   273   389   272
111614373   610   271   383   270
111614459   501   265   298   263
111614542   455   266   276   264
112352177   331   253   315   248
112352264   331   254   316   248
112352355   332   253   315   248
112352439   332   254   316   249
112352522   332   254   316   248
112352616   332   254   316   248
112352698   333   254   315   249
112352791   333   254   316   248
112352875   334   254   316   248
112352959   337   254   316   249
112353065   338   254   317   249
112353159   340   254   317   248
112353243   342   254   319   248
112353335   343   254   320   248
112353416   346   254   321   248
112353502   348   254   322   248
112353589   352   254   323   249
112353712   355   254   324   249
112353796   359   254   325   249
112353928   362   254   326   248
112354063   368   256   327   250
112354154   371   253   328   248
112354238   381   253   329   248
112354330   379   257   329   252
112354418   380   258   329   252
112354512   385   255   329   250
112354605   388   252   327   248
112354694   389   255   326   250
112354777   393   255   324   250
112354861   395   257   322   252
112354946   396   254   320   249
112355029   400   254   318   249
112355126   400   255   316   250
112355210   404   257   314   252
112355298   402   256   310   251
112355391   408   253   307   248
112355475   404   252   304   248
112355555   405   257   301   252
112355638   408   258   299   254
112355727   407   258   294   253
112355809   412   257   290   252
112355901   417   257   286   253
112355990   421   257   280   253
112356072   433   257   274   254
112356157   427   259   270   254
112356247   431   257   264   253
112356334   431   256   258   252
112356423   433   258   250   253
112356518   427   255   244   251
112356600   429   255   238   252
112356686   440   254   232   251
112356770   440   251   226   247
112356853   451   249   219   245
112356953   457   246   214   243
112357036   434   243   213   239
112357118   443   237   206   233
112357220   446   229   204   224
112357325   448   217   197   213
112357408   450   199   201   195
112357503   443   179   207   176
112357626   436   159   215   154
112357735   420   130   227   125
112357835   401   94   242   97
112357936   377   106   257   105
112358025   362   144   280   144
112358158   351   197   303   197
112358269   351   191   300   188
112358369   350   172   305   167
112358508   354   162   303   165
112358606   352   155   300   157
112358718   350   153   304   153
112358853   348   144   305   145
112358936   358   90   296   86
112359053   354   85   296   79
112359336   348   120   308   113
112359436   362   16   299   12
112359552   366   31   305   20
112359703   373   20   298   15
112359836   367   12   300   10
112359952   370   15   306   10
112400108   391   88   361   90
112400286   391   20   361   10