111557028	-10.074037	453.759424	49.924764	5.322035	-169.491647	33.888954	-0.000528	0.020840	-3.831684	0.000000
111557132	-10.047290	451.421150	49.808609	5.321912	-169.828100	33.885810	-0.000581	0.020787	-3.844542	0.000000
111557324	-9.977179	446.789654	49.543357	5.312978	-169.743337	33.872020	-0.000581	0.020787	-3.863829	0.000000
111557408	-9.932640	444.499806	49.420791	5.304137	-169.491812	33.835229	-0.000422	0.020946	-3.870258	0.000000
111557492	-9.905620	443.359425	49.362083	5.308590	-169.554964	33.826506	-0.000475	0.020893	-3.876687	0.000000
111557576	-9.839830	441.080722	49.215027	5.322138	-169.282541	33.803172	-0.000528	0.020840	-3.876687	0.000000
111557660	-9.804139	439.942115	49.134310	5.321986	-169.701331	33.795669	-0.000528	0.020840	-3.883116	0.000000
111557740	-9.713094	437.678409	48.987167	5.317296	-170.229397	33.792983	-0.000634	0.020734	-3.883116	0.000000
111557824	-9.602890	435.425018	48.856412	5.299408	-170.017653	33.796743	-0.000528	0.020840	-3.883116	0.000000
111557924	-9.470096	433.179334	48.693322	5.281569	-169.806083	33.791523	-0.000422	0.020946	-3.883116	0.000000
111558004	-9.396207	432.060707	48.619837	5.259097	-169.868514	33.764807	-0.000317	0.021051	-3.876687	0.000000
111558092	-9.241118	429.832919	48.455190	5.240679	-170.418718	33.766586	-0.000264	0.021104	-3.870258	0.000000
111558176	-9.074690	427.609125	48.296497	5.222139	-170.972383	33.777407	-0.000211	0.021157	-3.863829	0.000000
111558256	-8.985908	426.507519	48.227416	5.222631	-170.453870	33.780195	-0.000264	0.021104	-3.857400	0.000000
111558344	-8.808747	424.302214	48.068675	5.204748	-170.330110	33.770778	-0.000106	0.021262	-3.844542	0.000000
111558424	-8.626743	422.107848	47.923639	5.182717	-169.930734	33.773948	0.000106	0.021474	-3.838113	0.000000
111558524	-8.447556	419.926496	47.771871	5.168945	-170.166163	33.783709	0.000264	0.021632	-3.825255	0.000000
111558608	-8.267807	417.755633	47.635446	5.151714	-169.618163	33.772902	0.000422	0.021791	-3.812397	0.000000
111558708	-8.090691	415.589254	47.498339	5.146732	-169.975106	33.774080	0.000475	0.021843	-3.812397	0.000000
111558792	-8.090691	415.589254	47.498339	5.133789	-169.618167	33.763934	0.000528	0.021896	-3.805968	0.000000
111558876	-7.818632	412.368286	47.289127	5.119196	-170.355822	33.766324	0.000475	0.021843	-3.786681	0.000000
111558976	-7.634164	410.222921	47.141858	5.105937	-170.205644	33.770324	0.000528	0.021896	-3.773823	0.000000
111559060	-7.541421	409.157755	47.060341	5.123602	-170.418725	33.766530	0.000422	0.021791	-3.767394	0.000000
111559176	-7.261369	405.968799	46.810516	5.132668	-170.377669	33.761903	0.000475	0.021843	-3.748107	0.000000
111559276	-7.078471	403.853007	46.643616	5.138183	-169.681010	33.755178	0.000475	0.021843	-3.735249	0.000000
111559372	-6.890470	401.740131	46.453517	5.146383	-170.229570	33.756935	0.000370	0.021738	-3.722391	0.000000
111559464	-6.799490	400.688169	46.362389	5.124449	-169.868556	33.746797	0.000475	0.021843	-3.715962	0.000000
111559548	-6.611647	398.588218	46.176587	5.128204	-170.355849	33.748331	0.000422	0.021791	-3.703104	0.000000
111559628	-6.426672	396.496295	46.002340	5.142400	-169.868556	33.755778	0.000370	0.021738	-3.690246	0.000000
111559708	-6.339398	395.446543	45.902323	5.146207	-170.355848	33.757338	0.000317	0.021685	-3.683817	0.000000
111559788	-6.161038	393.362181	45.724183	5.132927	-170.205684	33.752356	0.000370	0.021738	-3.670959	0.000000
111559868	-6.075516	392.317803	45.623554	5.119540	-170.143237	33.725190	0.000475	0.021843	-3.664530	0.000000
111559948	-5.897836	390.241089	45.447809	5.110744	-170.017798	33.742770	0.000581	0.021949	-3.651672	0.000000
111600032	-5.735339	388.167461	45.255642	5.092996	-169.891748	33.724421	0.000739	0.022107	-3.645243	0.000000
111600116	-5.569532	386.096910	45.079570	5.115140	-170.080598	33.733984	0.000528	0.021896	-3.632385	0.000000
111600224	-5.408815	384.035669	44.901314	5.142523	-169.780030	33.768947	0.000317	0.021685	-3.619527	0.000000
111600308	-5.250430	381.974833	44.706363	5.147228	-169.628493	33.746052	0.000264	0.021632	-3.613098	0.000000
111600388	-5.170248	380.946293	44.612879	5.133064	-170.116374	33.738594	0.000317	0.021685	-3.606669	0.000000
111600476	-5.011746	378.893712	44.432341	5.120002	-169.841476	33.751194	0.000422	0.021791	-3.593811	0.000000
111600556	-4.931737	377.869676	44.354595	5.114265	-170.631966	33.744687	0.000475	0.021843	-3.587382	0.000000
111600636	-4.774472	375.819099	44.182519	5.111084	-169.806190	33.746595	0.000581	0.021949	-3.574524	0.000000
111600740	-4.619645	373.777967	44.038320	5.119723	-170.017786	33.760735	0.000528	0.021896	-3.568095	0.000000
111600824	-4.458195	371.729049	43.880281	5.119202	-170.355842	33.748327	0.000475	0.021843	-3.555237	0.000000
111600924	-4.312822	369.692691	43.707439	5.129160	-169.718433	33.759774	0.000422	0.021791	-3.542379	0.000000
111601008	-4.239480	368.677566	43.632437	5.131979	-170.845348	33.758897	0.000370	0.021738	-3.542379	0.000000
111601092	-4.019285	365.636562	43.380608	5.119672	-170.054650	33.747379	0.000422	0.021791	-3.529521	0.000000
111601172	-3.944710	364.625771	43.307791	5.110202	-170.355844	33.739324	0.000528	0.021896	-3.523092	0.000000
111601252	-3.873737	363.613221	43.218895	5.111086	-169.806199	33.737625	0.000581	0.021949	-3.516663	0.000000
111601332	-3.723310	361.598649	43.048953	5.115135	-170.080579	33.751952	0.000528	0.021896	-3.503805	0.000000
111601416	-3.567193	359.601876	42.924904	5.123791	-170.292755	33.775116	0.000475	0.021843	-3.490947	0.000000
111601524	-3.403537	357.603645	42.778341	5.133237	-169.992768	33.765150	0.000370	0.021738	-3.478089	0.000000
111601608	-3.232637	355.624285	42.677975	5.115078	-170.116342	33.756556	0.000422	0.021791	-3.465231	0.000000
111601700	-3.057253	353.646308	42.542534	5.114741	-170.330114	33.752742	0.000422	0.021791	-3.452373	0.000000
111601780	-2.960857	352.667065	42.483409	5.092711	-170.054625	33.747366	0.000581	0.021949	-3.439515	0.000000
111601860	-2.863072	351.686835	42.441646	5.088898	-169.656607	33.786440	0.000687	0.022055	-3.433086	0.000000
111601956	-2.591266	348.760402	42.284937	5.088536	-169.868505	33.764725	0.000687	0.022055	-3.413799	0.000000
111602056	-2.393078	346.828638	42.204364	5.084312	-169.718385	33.768717	0.000687	0.022055	-3.394512	0.000000
111602156	-2.209163	344.896372	42.118224	5.066608	-169.594682	33.759346	0.000845	0.022213	-3.375225	0.000000
111602256	-2.017706	342.986504	42.037887	5.066773	-169.506226	33.763536	0.000792	0.022160	-3.355938	0.000000
111602392	-1.820193	341.073571	41.949756	5.061370	-169.992700	33.765115	0.000792	0.022160	-3.323793	0.000000
111602492	-1.630927	339.179293	41.892868	5.061776	-169.779968	33.759940	0.000792	0.022160	-3.304506	0.000000
111602592	-1.442615	337.285926	41.793654	5.069958	-170.205607	33.770307	0.000739	0.022107	-3.285219	0.000000
111602692	-1.260818	335.415162	41.700362	5.052625	-169.868452	33.773681	0.000898	0.022266	-3.265932	0.000000
111602772	-1.077442	333.543528	41.607409	5.047675	-170.102553	33.765468	0.001003	0.022371	-3.246645	0.000000
111602856	-0.905906	331.677157	41.499576	5.061282	-170.038892	33.756286	0.000951	0.022319	-3.233787	0.000000
111602956	-0.733970	329.828087	41.405625	5.052631	-169.868467	33.755735	0.000898	0.022266	-3.220929	0.000000
111603056	-0.570920	327.976535	41.264225	5.052570	-169.902680	33.742381	0.000792	0.022160	-3.201642	0.000000
111603140	-0.493153	327.053686	41.212680	5.055292	-170.820937	33.736224	0.000739	0.022107	-3.182355	0.000000
111603248	-0.356681	325.224123	41.100934	5.093284	-169.718404	33.759757	0.000634	0.022002	-3.169497	0.000000
111603340	-0.236351	323.389908	40.966703	5.097161	-170.080572	33.742959	0.000634	0.022002	-3.163068	0.000000
111603424	-0.186952	322.480338	40.895134	5.092993	-169.891740	33.733395	0.000739	0.022107	-3.156639	0.000000
111603504	-0.096391	320.668219	40.769968	5.102318	-169.680993	33.746198	0.000687	0.022055	-3.156639	0.000000
111603584	-0.028706	318.860894	40.618253	5.111625	-169.470418	33.741064	0.000634	0.022002	-3.150210	0.000000
111603668	0.015869	317.061909	40.482963	5.120385	-169.594747	33.750413	0.000528	0.021896	-3.156639	0.000000
111603748	0.038008	316.156851	40.424475	5.141494	-170.505146	33.753311	0.000370	0.021738	-3.156639	0.000000
111603828	0.056316	314.369213	40.289372	5.147567	-169.383473	33.754230	0.000370	0.021738	-3.163068	0.000000
111603912	0.062053	313.471329	40.228313	5.142703	-169.656687	33.750620	0.000370	0.021738	-3.169497	0.000000
111603992	0.058970	311.685022	40.106246	5.146335	-170.268004	33.743566	0.000264	0.021632	-3.182355	0.000000
111604092	0.036525	309.907521	39.989403	5.164444	-170.177905	33.756777	0.000106	0.021474	-3.195213	0.000000
111604172	0.004317	308.136563	39.875182	5.190939	-170.606489	33.749148	-0.000053	0.021315	-3.214500	0.000000
111604256	-0.052131	306.369443	39.757998	5.218075	-170.515557	33.753378	-0.000264	0.021104	-3.240216	0.000000
111604340	-0.093025	305.490172	39.674094	5.249477	-170.699489	33.726926	-0.000528	0.020840	-3.253074	0.000000
111604420	-0.174514	303.737691	39.570718	5.267279	-171.038625	33.750541	-0.000687	0.020682	-3.278790	0.000000
111604500	-0.216935	302.859207	39.531083	5.281007	-170.760389	33.745163	-0.000739	0.020629	-3.291648	0.000000
111604636	-0.327589	301.111793	39.404400	5.299499	-169.870776	33.746886	-0.000739	0.020629	-3.323793	0.000000
111604732	-0.446581	299.372836	39.299143	5.308542	-169.718367	33.750895	-0.000634	0.020734	-3.362367	0.000000
111604816	-0.589995	297.638644	39.188963	5.339876	-169.954769	33.733706	-0.000739	0.020629	-3.400941	0.000000
111604896	-0.747768	295.908736	39.084634	5.362348	-169.806056	33.737745	-0.000898	0.020470	-3.445944	0.000000
111604992	-0.914068	294.183366	38.979959	5.348828	-170.080464	33.743079	-0.000845	0.020523	-3.490947	0.000000
111605072	-1.091512	292.467835	38.880813	5.362249	-170.568500	33.735597	-0.000951	0.020417	-3.535950	0.000000
111605172	-1.286344	290.756219	38.779099	5.353285	-170.267830	33.752658	-0.000951	0.020417	-3.593811	0.000000
111605276	-1.494987	289.050954	38.671946	5.357762	-170.418590	33.748638	-0.000951	0.020417	-3.645243	0.000000
111605372	-1.710561	287.348906	38.565629	5.366810	-169.992589	33.756282	-0.001003	0.020365	-3.703104	0.000000
111605476	-1.934021	285.658592	38.456627	5.371324	-169.718251	33.750925	-0.001003	0.020365	-3.760965	0.000000
111605556	-2.048611	284.809943	38.419497	5.384781	-170.205479	33.743485	-0.001109	0.020259	-3.793110	0.000000
111605656	-2.400935	282.280617	38.232263	5.398281	-170.267768	33.734692	-0.001215	0.020153	-3.857400	0.000000
111605756	-2.642658	280.596905	38.115148	5.438683	-169.992446	33.738358	-0.001426	0.019942	-3.921690	0.000000
111605856	-2.882154	278.924362	38.030225	5.465941	-170.631583	33.726827	-0.001584	0.019784	-3.985980	0.000000
111605940	-3.004551	278.082885	37.973599	5.479312	-170.355406	33.730501	-0.001637	0.019731	-4.056699	0.000000
111606020	-3.128545	277.247799	37.900125	5.429724	-170.080293	33.734133	-0.001320	0.020048	-4.088844	0.000000
111606104	-3.372475	275.572523	37.804934	5.407248	-170.017588	33.724950	-0.001162	0.020206	-4.153134	0.000000
111606184	-3.608551	273.905201	37.685408	5.402767	-170.165957	33.738878	-0.001109	0.020259	-4.223853	0.000000
111606292	-3.836797	272.242707	37.568391	5.393808	-170.930061	33.763807	-0.001109	0.020259	-4.288143	0.000000
111606372	-4.056302	270.576384	37.454790	5.448022	-170.930039	33.709660	-0.001426	0.019942	-4.352433	0.000000
111606456	-4.157772	269.739398	37.380382	5.411820	-170.543795	33.740048	-0.001320	0.020048	-4.384578	0.000000
111606556	-4.446580	267.258458	37.159335	5.384791	-170.543920	33.713011	-0.001162	0.020206	-4.448868	0.000000
111606640	-4.544347	266.431937	37.073346	5.420776	-170.205509	33.689560	-0.001320	0.020048	-4.506729	0.000000
111606720	-4.701868	264.777211	36.922449	5.375776	-170.418571	33.739645	-0.001056	0.020312	-4.538874	0.000000
111606804	-4.787415	263.956843	36.835562	5.384793	-169.992665	33.702415	-0.001109	0.020259	-4.590306	0.000000
111606884	-4.918879	262.303779	36.730650	5.366757	-170.504960	33.753417	-0.000951	0.020417	-4.641738	0.000000
111606968	-4.987510	261.476669	36.651072	5.344230	-170.524820	33.739959	-0.000739	0.020629	-4.667454	0.000000
111607072	-5.156736	258.996053	36.460418	5.335380	-169.975054	33.729278	-0.000634	0.020734	-4.718886	0.000000
111607164	-5.251483	257.347420	36.298621	5.366816	-170.166164	33.675942	-0.000898	0.020470	-4.783176	0.000000
111607244	-5.293689	256.526232	36.222931	5.334915	-171.583211	33.729632	-0.000687	0.020682	-4.802463	0.000000
111607324	-5.377587	254.884289	36.056586	5.321883	-170.038918	33.729465	-0.000581	0.020787	-4.847466	0.000000
111607448	-5.436528	253.247477	35.924190	5.299742	-169.383414	33.745356	-0.000528	0.020840	-4.886040	0.000000
111607532	-5.436528	253.247477	35.924190	5.299770	-169.345465	33.713930	-0.000422	0.020946	-4.886040	0.000000
111607612	-5.505061	250.776282	35.699615	5.335566	-169.428843	33.638124	-0.000581	0.020787	-4.937472	0.000000
111607692	-5.522128	249.956766	35.626002	5.330958	-169.782668	33.701787	-0.000528	0.020840	-4.950330	0.000000
111607772	-5.534751	248.314517	35.482935	5.331087	-169.408059	33.669388	-0.000634	0.020734	-4.976046	0.000000
111607872	-5.538864	246.668181	35.325262	5.317494	-169.806217	33.692877	-0.000634	0.020734	-5.008191	0.000000
111607956	-5.529231	245.848648	35.261962	5.317456	-169.930825	33.657326	-0.000687	0.020682	-5.014620	0.000000
111608036	-5.529231	245.848648	35.261962	5.304015	-169.868646	33.657157	-0.000581	0.020787	-5.014620	0.000000
111608120	-5.516140	245.024563	35.184444	5.313017	-169.868746	33.576407	-0.000634	0.020734	-5.027478	0.000000
111608224	-5.419831	241.743103	34.862073	5.308611	-169.718692	33.526778	-0.000634	0.020734	-5.053194	0.000000
111608304	-5.335603	240.112285	34.705594	5.258858	-170.293043	33.523320	-0.000317	0.021051	-5.059623	0.000000
111608384	-5.335603	240.112285	34.705594	5.188248	-169.073754	33.619300	0.000264	0.021632	-5.059623	0.000000
111608468	-5.335603	240.112285	34.705594	5.205879	-169.322035	33.548354	0.000053	0.021421	-5.059623	0.000000
111608548	-5.335603	240.112285	34.705594	5.114750	-170.386963	33.437921	0.000211	0.021579	-5.059623	0.000000
111608628	-5.335603	240.112285	34.705594	5.046218	-170.902903	33.370867	0.000475	0.021843	-5.059623	0.000000
111608708	-5.335603	240.112285	34.705594	4.976998	-171.536200	33.312527	0.000687	0.022055	-5.059623	0.000000
111608792	-5.335603	240.112285	34.705594	4.886347	-171.543715	33.253592	0.001109	0.022477	-5.059623	0.000000
111608924	-5.335603	240.112285	34.705594	4.818556	-171.488549	33.203727	0.001426	0.022794	-5.059623	0.000000
111609024	-5.335603	240.112285	34.705594	4.716700	-172.049776	33.190020	0.001848	0.023216	-5.059623	0.000000
111609104	-5.335603	240.112285	34.705594	4.542971	-172.252940	33.176263	0.002641	0.024009	-5.059623	0.000000
111609188	-5.335603	240.112285	34.705594	4.422312	-172.670601	33.194360	0.003116	0.024484	-5.059623	0.000000
111609284	-5.335603	240.112285	34.705594	4.302421	-172.873157	33.221675	0.003697	0.025065	-5.059623	0.000000
111609388	-4.548237	231.990741	33.977676	4.169906	-172.881099	33.235309	0.004331	0.025699	-5.014620	0.000000
111609472	-4.329592	230.376307	33.880035	4.189570	-172.660709	33.622893	0.004700	0.026068	-4.976046	0.000000
111609552	-4.329592	230.376307	33.880035	4.195208	-172.497085	33.786514	0.004753	0.026121	-4.976046	0.000000
111609636	-4.329592	230.376307	33.880035	4.074248	-172.822156	33.796670	0.005281	0.026649	-4.976046	0.000000
111609716	-4.329592	230.376307	33.880035	3.965935	-172.667422	33.796094	0.005756	0.027125	-4.976046	0.000000
111609796	-4.329592	230.376307	33.880035	3.854659	-172.869683	33.796728	0.006285	0.027653	-4.976046	0.000000
111609880	-4.329592	230.376307	33.880035	3.733087	-173.166278	33.788529	0.006813	0.028181	-4.976046	0.000000
111609964	-4.329592	230.376307	33.880035	3.614652	-173.116064	33.774591	0.007394	0.028762	-4.976046	0.000000
111610108	-3.517326	224.874222	33.850228	3.492710	-173.394142	33.757122	0.007922	0.029290	-4.879611	0.000000
111610200	-3.517326	224.874222	33.850228	3.371529	-173.573285	33.748464	0.008503	0.029871	-4.860324	0.000000
111610280	-3.517326	224.874222	33.850228	3.582161	-173.162650	33.738140	0.007552	0.028920	-4.860324	0.000000
111610364	-3.517326	224.874222	33.850228	3.464234	-173.484707	33.720739	0.008027	0.029395	-4.860324	0.000000
111610444	-3.517326	224.874222	33.850228	3.342992	-173.661534	33.702857	0.008608	0.029976	-4.860324	0.000000
111610528	-3.517326	224.874222	33.850228	3.235784	-174.170778	33.690453	0.009031	0.030399	-4.860324	0.000000
111610624	-2.768132	220.351405	33.886428	3.125383	-174.167982	33.713394	0.009506	0.030874	-4.744602	0.000000
111610704	-2.768132	220.351405	33.886428	3.439818	-173.619174	33.711951	0.008080	0.029448	-4.744602	0.000000
111610788	-2.768132	220.351405	33.886428	3.329837	-173.998424	33.726785	0.008608	0.029976	-4.744602	0.000000
111610872	-2.768132	220.351405	33.886428	3.233745	-173.962666	33.731228	0.009031	0.030399	-4.744602	0.000000
111610956	-2.768132	220.351405	33.886428	3.128657	-173.914806	33.744817	0.009506	0.030874	-4.744602	0.000000
111611044	-2.768132	220.351405	33.886428	3.029532	-174.110354	33.736176	0.009928	0.031296	-4.744602	0.000000
111611136	-2.768132	220.351405	33.886428	2.916389	-174.631121	33.733087	0.010351	0.031719	-4.744602	0.000000
111611216	-2.768132	220.351405	33.886428	2.820471	-174.251846	33.731906	0.010826	0.032194	-4.744602	0.000000
111611296	-2.768132	220.351405	33.886428	2.797361	-174.256939	33.718108	0.011143	0.032511	-4.744602	0.000000
111611472	-1.197878	210.881745	33.824442	2.980971	-171.656741	33.701554	0.011565	0.032933	-4.481013	0.000000
111611564	-1.197878	210.881745	33.824442	2.955705	-171.198261	33.691190	0.011988	0.033356	-4.481013	0.000000
111611644	-1.197878	210.881745	33.824442	3.281122	-174.230650	33.644615	0.008397	0.029765	-4.481013	0.000000
111611728	-1.197878	210.881745	33.824442	3.195522	-174.450295	33.635907	0.008714	0.030082	-4.481013	0.000000
111611812	-1.197878	210.881745	33.824442	3.109119	-174.361403	33.640255	0.009083	0.030452	-4.481013	0.000000
111611896	-1.197878	210.881745	33.824442	3.042873	-174.492424	33.649765	0.009347	0.030716	-4.481013	0.000000
111611980	-1.197878	210.881745	33.824442	2.961997	-175.007658	33.664893	0.009559	0.030927	-4.481013	0.000000
111612060	-1.197878	210.881745	33.824442	2.895253	-174.824525	33.669004	0.009876	0.031244	-4.481013	0.000000
111612144	-1.197878	210.881745	33.824442	2.887322	-174.409674	33.663305	0.010087	0.031455	-4.481013	0.000000
111612228	-0.876787	208.763494	33.781148	3.088391	-172.450790	33.653762	0.010298	0.031666	-4.423152	0.000000
111612308	-0.876787	208.763494	33.781148	2.914561	-174.767356	33.655011	0.009559	0.030927	-4.423152	0.000000
111612388	-0.876787	208.763494	33.781148	3.117941	-172.285153	33.648791	0.009770	0.031138	-4.423152	0.000000
111612476	-0.876787	208.763494	33.781148	3.141302	-171.887801	33.675032	0.009928	0.031296	-4.423152	0.000000
111612556	-0.876787	208.763494	33.781148	3.117803	-172.293435	33.657919	0.010087	0.031455	-4.423152	0.000000
111612652	-0.159455	203.938004	33.760105	3.095612	-172.250079	33.666896	0.010245	0.031613	-4.301001	0.000000
111612744	-0.159455	203.938004	33.760105	3.090620	-174.723716	33.650358	0.008291	0.029659	-4.301001	0.000000
111612824	-0.159455	203.938004	33.760105	3.033238	-174.873296	33.641471	0.008397	0.029765	-4.301001	0.000000
111612908	-0.159455	203.938004	33.760105	3.010474	-175.189972	33.637616	0.008450	0.029818	-4.301001	0.000000
111612992	-0.159455	203.938004	33.760105	3.061755	-174.464679	33.654300	0.008450	0.029818	-4.301001	0.000000
111613108	0.487338	199.250991	33.746485	3.267485	-173.087102	33.664610	0.008450	0.029818	-4.185279	0.000000
111613188	0.487338	199.250991	33.746485	3.127563	-175.084703	33.679023	0.007446	0.028814	-4.185279	0.000000
111613280	0.487338	199.250991	33.746485	3.332674	-175.344353	33.665917	0.006337	0.027705	-4.185279	0.000000
111613364	0.487338	199.250991	33.746485	3.331922	-175.410381	33.638291	0.006179	0.027547	-4.185279	0.000000
111613444	0.487338	199.250991	33.746485	3.361941	-174.818494	33.618392	0.006073	0.027441	-4.185279	0.000000
111613524	0.487338	199.250991	33.746485	3.356615	-174.881023	33.627771	0.005862	0.027230	-4.185279	0.000000
111613608	0.487338	199.250991	33.746485	3.374998	-174.889977	33.627800	0.005704	0.027072	-4.185279	0.000000
111613692	0.487338	199.250991	33.746485	3.366796	-175.203266	33.623915	0.005440	0.026808	-4.185279	0.000000
111613772	0.487338	199.250991	33.746485	3.386614	-175.496146	33.638520	0.005176	0.026544	-4.185279	0.000000
111613856	0.487338	199.250991	33.746485	3.387144	-175.451181	33.638409	0.004964	0.026332	-4.185279	0.000000
111613936	0.487338	199.250991	33.746485	3.419887	-175.425625	33.619829	0.004700	0.026068	-4.185279	0.000000
111614020	0.487338	199.250991	33.746485	3.457178	-175.406236	33.629065	0.004436	0.025804	-4.185279	0.000000
111614100	0.487338	199.250991	33.746485	3.449441	-175.269966	33.610220	0.004225	0.025593	-4.185279	0.000000
111614184	0.487338	199.250991	33.746485	3.525081	-174.687517	33.627379	0.003908	0.025276	-4.185279	0.000000
111614264	1.952123	187.052185	33.631395	3.510571	-174.752404	33.622911	0.003644	0.025012	-4.185279	0.000000
111614372	2.254570	183.990261	33.613019	3.565953	-174.753562	33.641399	0.003327	0.024695	-3.928119	0.000000
111614460	2.299633	183.390099	33.618932	4.457790	-175.458262	33.703778	-0.001162	0.020206	-3.883116	0.000000
111614540	2.299633	183.390099	33.618932	4.772799	-175.506131	33.694792	-0.002324	0.019044	-3.883116	0.000000
